%YAML:1.0
---
body_T_cam0: !!opencv-matrix
   rows: 4
   cols: 4
   dt: d
   data: [ -3.1049350965283229e-01, 4.8763282912684486e-01,
       8.1597059041439512e-01, -8.0747177076496390e-01,
       -6.2063545511226392e-01, 5.4618951203063670e-01,
       -5.6257323861460773e-01, 1.3176373599565689e+00,
       -7.2000375854648169e-01, -6.8109561803427032e-01,
       1.3305392430685958e-01, -1.9836502411505028e-01, 0., 0., 0., 1. ]
body_T_cam1: !!opencv-matrix
   rows: 4
   cols: 4
   dt: d
   data: [ -3.0261297907955442e-01, 4.8298723588028264e-01,
       8.2167433626061492e-01, -8.3673153227847152e-01,
       -6.2840862319095758e-01, 5.4706956133300633e-01,
       -5.5300768291422242e-01, 1.3178199813657780e+00,
       -7.1660867088798397e-01, -6.8369454074143110e-01,
       1.3796299419960845e-01, -2.3611684787060697e-01, 0., 0., 0., 1. ]
